# timecode format v2
3996.477
4013.129
4029.781
4046.433
4063.086
4079.737
4096.389
4113.042
4129.693
4146.345
4162.997
4179.649
4196.301
4212.953
4229.605
4246.259
4262.909
4279.561
4296.213
4312.865
4329.517
4346.170
4362.822
4379.473
4396.126
4412.778
4429.429
4446.081
4462.733
4479.385
4496.037
4512.689
4529.341
4545.993
4562.645
4579.297
4595.949
4612.603
4629.253
4645.905
4662.560
4679.209
4695.861
4712.513
4729.165
4745.816
4762.469
4779.121
4795.772
4812.425
4829.077
4845.728
4862.381
4879.033
4895.684
4912.337
4928.989
4945.641
4962.293
4978.944
4995.597
5012.249
5028.901
5045.552
5062.204
5078.856
5095.508
5112.161
5128.813
5145.465
5162.116
5178.768
5195.420
5212.072
5228.725
5245.377
5262.028
5278.680
5295.332
5311.984
5328.636
5345.288
5361.951
5378.597
5395.246
5411.896
5428.548
5445.200
5461.852
5478.504
5495.156
5511.808
5528.460
5545.112
5561.764
5578.416
5595.071
5611.720
5628.373
5645.025
5661.677
5678.328
5694.980
5711.632
5728.284
5744.936
5761.588
5778.240
5794.892
5811.544
5828.196
5844.848
5861.500
5878.152
5894.804
5911.456
5928.108
5944.760
5961.412
5978.064
5994.716
6011.368
6028.022
6044.672
6061.324
6077.976
6094.628
6111.280
6127.932
6144.584
6161.236
6177.888
6194.540
6211.196
6227.845
6244.497
6261.149
6277.801
6294.453
6311.104
6327.757
6344.410
6361.060
6377.713
6394.365
6411.016
6427.669
6444.321
6460.973
6477.625
6494.276
6510.928
6527.579
6544.231
6560.884
6577.536
6594.187
6610.839
6627.492
6644.143
6660.795
6677.447
6694.099
6710.751
6727.404
6744.055
6760.707
6777.360
6794.011
6810.663
6827.316
6843.968
6860.619
6877.271
6893.923
6910.575
6927.229
6943.879
6960.531
6977.183
6993.835
7010.487
7027.139
7043.792
